function [data1,data2,data3,data4,data5,data6,data7,data8] = f_generate2packets()
% Generate 8x80 bits PN data

data1 = [...
    0     0     1     1     0     0     0     1     1     1 ,...
    1     0     1     1     0     1     0     0     0     1 ,...
    1     1     0     0     0     1     0     0     0     0 ,...
    0     0     0     1     0     1     1     0     0     0 ,...
    1     1     1     1     0     1     0     0     0     0 ,...
    1     1     1     1     1     1     1     1     0     0 ,...
    1     0     0     0     0     1     0     1     0     0 ,...
    1     1     1     1     1     0     1     0     1     0]';

data2 = [...
    1     0     0     1     0     0     0     0     1     0 ,...
    1     1     0     0     0     0     1     1     1     0 ,...
    1     0     0     0     0     1     1     1     1     1 ,...
    1     1     1     0     0     1     0     0     0     0 ,...
    1     0     1     0     0     1     1     1     1     1 ,...
    0     1     0     1     0     0     0     1     1     1 ,...
    0     0     0     1     0     1     1     0     0     0 ,...
    1     0     1     1     1     0     0     0     1     1]';

data3 = [...
    0     0     1     1     0     1     0     1     0     0 ,...
    0     0     0     1     0     0     1     1     1     0 ,...
    1     1     0     0     1     0     0     1     0     0 ,...
    1     1     0     0     0     0     0     0     1     1 ,...
    0     0     1     0     0     0     0     0     0     1 ,...
    0     1     0     0     0     1     0     0     0     0 ,...
    0     0     0     1     0     1     1     0     0     0 ,...
    0     1     1     1     0     0     0     0     0     0]';

data4 = [...
    1     0     0     1     1     1     0     1     0     0 ,...
    1     0     0     0     1     1     1     0     0     0 ,...
    1     0     0     0     0     0     0     0     1     0 ,...
    1     1     0     0     0     1     1     1     1     0 ,...
    1     0     0     0     0     0     1     1     1     1 ,...
    1     1     1     0     0     1     0     0     0     0 ,...
    1     0     1     0     0     1     1     0     1     1 ,...
    0     1     0     1     0     1     0     1     1     0]';
data5=[...
    1     0     0     1     1     1     0     1     0     0 ,...
    1     0     0     0     1     1     1     0     0     0 ,...
    1     0     0     0     0     0     0     0     1     0 ,...
    1     1     0     0     0     1     1     1     1     0 ,...
    0     0     0     0     0     0     1     1     1     1 ,...
    0     1     1     0     0     1     0     0     0     0 ,...
    0     0     1     0     0     0     1     1     1     1 ,...
    0     1     0     1     0     0     0     1     1     1]';
data6 = [...
    1     0     0     0     0     1     0     1     0     0 ,...
    0     0     1     1     0     0     1     1     1     0 ,...
    1     1     0     0     0     0     0     1     0     0 ,...
    1     1     0     1     0     0     0     0     1     1 ,...
    1     0     1     0     0     1     0     0     0     1 ,...
    1     1     0     0     0     1     0     0     0     0 ,...
    1     0     0     0     0     1     1     0     0     0 ,...
    1     1     1     1     0     1     0     0     0     0]';

data7 = [...
    1     1     1     1     1     1     1     1     1     1,...
    1     0     0     0     1     1     1     1     0     0 ,...
    1     0     0     1     0     0     0     0     1     0 ,...
    1     1     0     1     0     1     1     1     1     0 ,...
    1     0     0     1     0     1     1     1     1     1 ,...
    1     1     1     0     0     1     0     1     0     0 ,...
    1     0     1     0     0     1     1     1     1     1 ,...
    0     1     0     1     0     1     0     1     1     1]';
data8=[...
    0     0     0     1     1     1     0     1     0     0 ,...
    1     1     0     0     1     1     1     1     0     0 ,...
    1     0     0     0     0     0     0     0     1     0 ,...
    1     1     0     0     0     1     1     1     1     0 ,...
    1     0     1     0     0     1     1     1     1     1 ,...
    1     1     1     1     0     1     0     1     0     0 ,...
    1     0     1     0     1     1     1     1     1     1 ,...
    0     1     0     1     0     1     0     1     1     1]';